-12582.0 -22044.0
-10574.523 -16260.504
-11793.525 -10955.955
-9744.309 -5694.878
-10395.427 -7680.5386
-19944.705 -9962.704
-24421.32 -8125.6387
-24075.994 65.99448
-18636.77 17222.191
-5099.5513 23732.418
-9049.318 25471.887
-11220.278 7983.2827
-13221.262 5692.866
-9285.538 7787.8716
-9274.719 -519.7981
-3619.3584 6293.4404
-7029.925 10490.794
-299.4718 11700.695
2926.23 6694.0186
-1591.2507 10629.499
8367.227 24529.953
4802.0127 21949.918
11346.708 9087.416
8397.576 5742.1797
5881.453 7784.322
12098.316 8466.626
11547.539 -738.8496
8692.551 -1797.7509
560.2071 254.01376
-7784.5273 -796.2793
-10119.808 131.78152
-2524.239 2895.0
5396.191 2689.347
12336.0 -930.96875
8744.455 -8257.44
10624.133 -9989.828
7532.0825 -16000.053
3547.6592 -7544.5596
1239.2786 -5062.4434
-5973.5967 -6427.5156
-328.91248 -4541.166
6174.119 -6352.453
-1009.1085 -7305.6055
-4589.3643 -14217.043
1642.4028 -13680.82
1092.5537 -12934.074
2801.377 -34463.812
7940.6704 -29134.11
1748.4612 -28123.305
2160.2876 -34427.75
-1621.9348 -30203.209
-8595.547 -26149.914
-13971.54 -21160.496
-19448.146 -16319.744
-24639.238 -9964.114
-25838.512 -2256.0176
-25360.273 6058.529
-22291.098 13624.854
-17030.229 19985.129
-10785.489 24415.455
-4090.3481 26891.473
3257.891 26170.66
9124.051 24160.44
4939.8047 20220.418
-2126.904 22889.475
-10240.908 22967.156
-17149.457 18617.156
-20961.39 11014.967
-23490.168 2946.0244
-21504.285 -4984.2134
-16597.4 -11185.032
-10562.585 -15866.082
-4495.4814 -20568.87
1519.1598 -26293.324
8773.844 -28738.883
4336.5137 -35349.94
6055.3394 -15025.418
4895.8286 -34669.457
4940.949 -33951.367
-1119.8477 -36987.383
1123.2549 -34538.33
-1068.6571 -31647.217
-1137.4664 -30763.22
1228.4939 -28472.938
436.90613 -28468.4
225.9336 -28352.25
7390.5757 -27225.117
8737.098 -29680.828
7382.249 -31618.031
7251.5938 -32155.156
53.065796 -27997.344
46.46167 -27770.145
-254.86328 -27713.041
-2977.5808 -29054.602
514.81836 -26575.95
-2463.6592 -28064.676
-3168.255 -28240.176
398.68436 -25949.883
-4362.5786 -28236.818
-2097.4668 -26698.898
-1983.6595 -26401.322
-4810.433 -27803.145
171.95888 -24695.53
-5254.214 -27366.447
-2308.4468 -25434.799
-3477.1497 -25878.402
-4541.821 -26262.277
-1893.598 -24502.496
-6623.8228 -27002.324
-1146.8818 -23378.473
-6681.4414 -26343.025
-2915.5828 -23937.504
-5582.226 -25246.434
-4576.963 -24434.955
-4549.3916 -24188.047
-6191.0107 -24904.73
-3504.3384 -23123.059
-7842.707 -25396.436
-2351.2676 -21994.795
-8360.524 -25002.78
-4261.7314 -22405.215
-6661.032 -23559.61
-6639.8833 -23316.094
-4493.2456 -21846.076
-9015.39 -23995.27
-5820.911 -21919.836
-5270.4683 -21370.906
-8257.041 -22633.367
-8622.582 -22614.133
-7615.2197 -21570.207
-7487.494 -21034.5
-7779.9917 -20741.697
-7065.7227 -20097.88
-9434.003 -21003.934
-12336.385 -22217.496
-8620.359 -19841.355
-9012.52 -19605.71
-8867.702 -18598.396
-12208.054 -17755.1
-14071.876 -19986.086
-11972.1 -16695.898
-13249.93 -16971.629
-13302.818 -16540.389
-13149.162 -15989.594
-13102.5205 -15500.55
-14281.953 -15720.16
-16120.16 -16318.936
-17994.186 -17170.496
-15878.318 -15487.098
-14011.836 -14178.193
-17337.98 -15637.145
-17603.992 -15559.414
-14311.556 -13196.948
-17345.465 -14717.205
-18306.742 -15041.096
-14987.844 -12663.473
-17350.684 -13796.654
-19270.725 -14673.824
-16444.875 -12580.268
-16442.62 -12348.256
-19069.254 -13403.147
-19625.426 -13493.56
-18758.443 -12530.672
-19000.707 -12208.781
-20126.666 -12397.154
-20446.084 -11888.94
-19330.127 -10782.355
-19188.426 -10007.798
-20284.027 -10409.3
-20406.184 -6553.8076
-23711.078 -147.92145
-23709.713 -11001.742
-24473.635 -7054.7695
-23329.344 -5932.5054
-22443.736 -4728.5425
-22645.395 -4151.397
-22647.943 -3229.131
-24898.287 -3605.028
-25653.566 -1270.0665
-24633.605 935.55615
-24195.955 2111.73
-24835.436 2898.2158
-24619.072 3946.2144
-23237.736 5437.0737
-24758.398 5251.425
-24125.36 6310.332
-22925.21 7464.861
-22265.238 8307.305
-21831.395 9019.476
-22319.586 9430.927
-23121.184 9430.367
-23788.195 9506.638
-23735.486 9998.619
-22708.395 11053.641
-21488.053 12451.56
-20262.285 13621.058
-20286.504 14068.138
-21889.81 14528.85
-18127.266 17163.08
-17908.867 18674.408
-15005.079 20582.355
-9964.526 25339.771
-14076.502 22042.004
-11499.613 23298.725
-14773.534 21177.52
-10662.782 23319.79
-7833.5576 23338.945
-445.82565 27602.494
764.20557 27377.098
-3677.919 25274.27
-2318.3015 26290.172
-3094.4087 26303.482
-4483.4014 26656.547
-12579.545 23368.156
-15027.893 22416.713
-15089.167 22842.793
-8753.78 23267.797
930.55896 27011.31
-4555.5474 23613.098
1380.788 26809.41
-4279.685 23309.957
2934.4683 27013.572
-2498.912 23645.84
969.89166 25417.25
1142.1257 25286.238
-2067.6782 22970.816
1386.6868 24734.223
2233.3904 24992.254
-853.80334 22748.55
3427.04 25219.541
-979.32104 22444.912
5069.081 25475.273
56.507996 22349.93
2434.2449 23491.479
3529.7983 23893.31
773.1702 21839.555
1570.6799 22069.557
3242.5127 22572.574
3752.0288 22173.938
5570.713 19759.902
8645.691 21535.75
8945.641 24479.576
7293.504 26759.291
-5319.607 11624.697
-4820.038 11220.456
-5755.8403 10218.509
-6182.039 9510.6875
-6033.8022 9133.803
-4971.162 9285.343
-4202.257 9267.713
-3727.7036 9311.03
146.70993 11086.038
1703.8446 11060.962
2657.9548 10688.371
-4238.163 6706.6143
-4612.193 6721.468
-1358.5873 9062.198
-4792.9243 7309.7373
-5636.598 7053.9746
-2845.788 9126.955
-3283.815 9105.157
-5808.0283 8109.8887
-1612.4558 8223.848
-7589.3555 4079.1108
3763.4358 10402.394
-433.74304 7748.7275
423.30652 8012.051
3346.3792 9237.677
1751.4012 8086.4185
272.81177 6770.4297
-430.0393 5903.315
-198.57971 5574.576
973.20734 5789.302
2673.3987 6078.47
1628.4277 2473.104
805.7681 1535.5175
-195.77545 495.92874
1479.3386 1231.7178
3524.6982 1950.8121
5243.232 2481.604
4758.3203 1970.7228
4076.7036 1115.303
3500.7322 320.35303
3234.038 -295.20264
3619.0818 -535.27466
4810.451 -308.80884
6699.1704 319.39554
7164.217 -105.07974
7177.3477 -789.5272
9043.592 -174.388
11789.804 -436.07275
10711.645 -2906.45
8875.645 -1194.7521
10347.142 -6811.9263
11200.478 -7012.267
11087.568 -7770.153
11144.491 -8199.074
11209.076 -8392.161
8952.949 -10156.981
6536.423 -12014.743
8079.493 -11354.274
7904.566 -11917.376
5681.848 -15509.886
4320.9067 -16757.297
7032.5625 -20028.781
1289.2677 -14351.023
-3469.4468 -12941.492
-4596.8994 -14516.18
-3229.1433 -14418.924
-3097.6926 -15266.92
-1585.8657 -15548.781
-4387.537 -9545.31
-5222.4546 -9335.332
-4314.9707 -8348.901
1034.9866 -5029.1045
-4787.2817 -7928.29
-4236.245 -7379.3516
-4345.539 -7678.9336
3284.3774 -3500.0037
5073.9883 -6623.0225
3875.7358 -7776.4863
3464.1729 -7552.95
-70.00214 -6821.51
1491.1185 -3611.3223
-5325.4546 -7315.474
-3562.1782 -6066.699
-2489.2075 -4985.1914
-1989.3619 -4235.437
-2586.169 -4348.6914
-3063.4531 -4161.99
-3377.2224 -3650.5105
-4970.1504 -4108.366
-9114.627 -1650.4218
-9585.252 -306.21588
-5974.8296 2008.9596
-8675.909 -12.877731
-8420.216 -326.80392
-3436.854 2088.6746
-6336.6543 183.56226
-2874.7007 1951.3832
-3357.5376 1441.8015
-4486.559 328.02664
-4400.1924 146.82309
-3494.2136 208.22394
7313.1255 9219.043
6779.1416 7293.699
7256.752 5952.7266
8440.324 5019.497
10858.378 5261.3936
11757.618 9014.202
7917.358 10261.244
10476.533 4348.2827
11963.871 4744.949
-11458.896 -6006.719
-9888.173 -6024.1416
-10314.625 -9041.73
-10646.9375 -10619.381
-12213.453 -9444.818
-12849.0 -8195.0
-9075.911 5298.6475
-10144.508 4220.4424
-12523.506 4463.317
-10151.331 9528.448
-11634.523 9133.746
-10034.057 8903.264
-9600.628 7998.0684
-12820.625 -23370.086
-9178.204 -15688.552
-21926.488 -12795.512
-22945.654 2620.5332
-18953.0 -334.65527
-19425.934 -1342.0
-21472.102 9498.21
-22037.137 5424.0
-18517.0 13956.688
-15559.411 15948.589
-13096.333 13919.333
-14571.39 20195.61
-7422.0 20722.006
-5818.535 20999.531
-3088.9834 21561.0
8123.1016 18922.984
-1016.26794 -32917.29
3340.0505 -25001.908
-
-
-
-
-
-
-
-
-
-
-
-
-
-
-
-
-
-
-
-
-
-
-
-
-
-
-
-
-
-
-
-
-
-
-
-
-
-
-
-
-
-
-
-
-
-
-
-
-12582.0 -22044.0
-10572.0 -16260.0
-11758.0 -10974.0
-9723.0 -5722.0
-10391.0 -7646.0
-20058.0 -10076.0
-24407.0 -8095.0
-24057.0 47.0
-18641.0 17229.0
-5074.0 23742.0
-9051.0 25510.0
-11180.0 7998.0
-13216.0 5610.0
-9280.0 7748.0
-9277.0 -519.0
-3606.0 6330.0
-7030.0 10488.0
-215.0 11755.0
2926.0 6693.0
-1601.0 10621.0
8363.0 24606.0
4807.0 21920.0
11349.0 9085.0
8332.0 5706.0
5888.0 7711.0
12031.0 8628.0
11498.0 -615.0
8791.0 -1870.0
606.0 246.0
-7739.0 -774.0
-10073.0 165.0
-2533.0 2895.0
5390.0 2692.0
12336.0 -1088.0
8749.0 -8251.0
10614.0 -10003.0
7555.0 -16020.0
3553.0 -7541.0
1243.0 -5055.0
-5972.0 -6430.0
-405.0 -4555.0
6176.0 -6328.0
-949.0 -7311.0
-4587.0 -14273.0
1647.0 -13713.0
1099.0 -12959.0
2874.0 -34460.0
7944.0 -29146.0
1768.0 -28102.0
2117.0 -34416.0
-1588.0 -30273.0
-8608.0 -26134.0
-13948.0 -21237.0
-19489.0 -16257.0
-24598.0 -10058.0
-25853.0 -2196.0
-25373.0 5944.0
-22303.0 13581.0
-17081.0 19880.0
-10785.0 24416.0
-4094.0 26894.0
3222.0 26206.0
9124.0 24162.0
4906.0 20294.0
-1993.0 22745.0
-10177.0 22964.0
-17142.0 18627.0
-20926.0 11062.0
-23446.0 3077.0
-21509.0 -4979.0
-16703.0 -11187.0
-10566.0 -15866.0
-4517.0 -20563.0
1546.0 -26295.0
8802.0 -28808.0
4368.0 -35337.0
5964.0 -15014.0
5823.0 -34134.0
2756.0 -35213.0
2277.0 -35027.0
1398.0 -34380.0
61.0 -30995.0
858.0 -29611.0
1528.0 -28300.0
2563.0 -27241.0
4319.0 -25996.0
7016.0 -27210.0
8898.0 -29588.0
5008.0 -32989.0
4575.0 -33700.0
-2778.0 -29632.0
3288.0 -25899.0
-3706.0 -29706.0
1693.0 -26358.0
1147.0 -26211.0
-4813.0 -29421.0
848.0 -25922.0
-5211.0 -29189.0
-5539.0 -28916.0
452.0 -25227.0
-5832.0 -28623.0
276.0 -24866.0
-6102.0 -28318.0
-6381.0 -28017.0
-119.0 -24171.0
-6686.0 -27731.0
-357.0 -23846.0
-7021.0 -27462.0
-609.0 -23529.0
-881.0 -23225.0
-7705.0 -26934.0
-1164.0 -22926.0
-8029.0 -26659.0
-1458.0 -22634.0
-8326.0 -26369.0
-1763.0 -22348.0
-8590.0 -26059.0
-2081.0 -22070.0
-8812.0 -25726.0
-8993.0 -25368.0
-2756.0 -21536.0
-9123.0 -24981.0
-3122.0 -21285.0
-9176.0 -24550.0
-9105.0 -24047.0
-3937.0 -20832.0
-9186.0 -23632.0
-9348.0 -23263.0
-4992.0 -20518.0
-5704.0 -20467.0
-6359.0 -20383.0
-6852.0 -20206.0
-11673.0 -22758.0
-12342.0 -22683.0
-12824.0 -22499.0
-7769.0 -19350.0
-8001.0 -19022.0
-8201.0 -18213.0
-12504.0 -17926.0
-13997.0 -19943.0
-14763.0 -18307.0
-15084.0 -18031.0
-15504.0 -17811.0
-15992.0 -17631.0
-16937.0 -17715.0
-17541.0 -17601.0
-18013.0 -17412.0
-13333.0 -14479.0
-13474.0 -14099.0
-18782.0 -16932.0
-19101.0 -16655.0
-13797.0 -13361.0
-13986.0 -13009.0
-19566.0 -15999.0
-14204.0 -12673.0
-14450.0 -12353.0
-19864.0 -15248.0
-14724.0 -12049.0
-15033.0 -11765.0
-20094.0 -14456.0
-20129.0 -14015.0
-15877.0 -11329.0
-16528.0 -11243.0
-17189.0 -11163.0
-17696.0 -10993.0
-21255.0 -12356.0
-21679.0 -12139.0
-18844.0 -9809.0
-18898.0 -9609.0
-20481.0 -6597.0
-23810.0 -205.0
-23760.0 -11031.0
-24429.0 -7029.0
-24258.0 -6469.0
-22003.0 -4474.0
-24149.0 -5020.0
-24471.0 -4282.0
-24990.0 -3658.0
-25924.0 -1426.0
-25717.0 310.0
-24996.0 1650.0
-23239.0 3820.0
-23046.0 4854.0
-25458.0 4155.0
-22665.0 6460.0
-25349.0 5604.0
-25296.0 6096.0
-25226.0 6598.0
-25113.0 7125.0
-21665.0 9809.0
-21421.0 10412.0
-20929.0 11157.0
-20255.0 12008.0
-19661.0 12813.0
-22450.0 11896.0
-22360.0 12410.0
-22303.0 12905.0
-21976.0 14479.0
-17901.0 17294.0
-16349.0 19575.0
-17631.0 19066.0
-10210.0 25198.0
-16744.0 20502.0
-8981.0 24753.0
-17012.0 19885.0
-8854.0 24364.0
-1923.0 26750.0
-1923.0 26750.0
-4559.0 24304.0
-4548.0 24772.0
372.0 27843.0
-3194.0 26246.0
-5041.0 26335.0
-16714.0 20981.0
-16323.0 21669.0
-15480.0 22617.0
-9344.0 22927.0
-5822.0 23113.0
1864.0 27319.0
-4982.0 23136.0
2262.0 27087.0
2620.0 26832.0
-3020.0 23345.0
2894.0 26528.0
-2460.0 23207.0
-2102.0 22951.0
3432.0 25915.0
-1830.0 22646.0
-1558.0 22342.0
4625.0 25911.0
5403.0 26129.0
4911.0 25384.0
-903.0 21796.0
4770.0 24840.0
-463.0 21588.0
90.0 21445.0
4701.0 23877.0
4677.0 23401.0
3527.0 22044.0
5607.0 19781.0
8438.0 21416.0
8465.0 24202.0
6875.0 26517.0
-6953.0 10682.0
-3811.0 11803.0
-3531.0 11503.0
-3246.0 11206.0
-2848.0 10974.0
-2039.0 10978.0
-6831.0 7750.0
-1136.0 10807.0
15.0 11010.0
950.0 10626.0
1277.0 9891.0
-6351.0 5487.0
-1042.0 8783.0
-6642.0 5781.0
-6746.0 6182.0
-1614.0 9376.0
-1763.0 9752.0
-6751.0 7103.0
-6802.0 7536.0
-400.0 8923.0
-5580.0 5239.0
3522.0 10263.0
-1736.0 6997.0
3586.0 9838.0
3541.0 9350.0
-973.0 6513.0
-743.0 6184.0
-486.0 5871.0
-158.0 5598.0
254.0 5374.0
2657.0 6069.0
-1680.0 563.0
-993.0 497.0
-329.0 419.0
4440.0 2941.0
4961.0 2780.0
5450.0 2601.0
1430.0 49.0
1890.0 -147.0
2400.0 -315.0
2985.0 -439.0
3578.0 -559.0
4150.0 -690.0
4727.0 -819.0
8302.0 552.0
6804.0 -1005.0
7369.0 -1141.0
11548.0 -576.0
12109.0 -2100.0
8319.0 -1516.0
11327.0 -6246.0
8681.0 -8467.0
11881.0 -7312.0
11839.0 -7798.0
7231.0 -10689.0
6613.0 -11508.0
6813.0 -11855.0
10634.0 -9879.0
9901.0 -10764.0
6321.0 -15141.0
5005.0 -16362.0
8053.0 -19452.0
1076.0 -14474.0
-4347.0 -13448.0
-4510.0 -14466.0
-2432.0 -13959.0
-2198.0 -14748.0
-2582.0 -16124.0
-4711.0 -9732.0
-2810.0 -7942.0
990.0 -5286.0
-5541.0 -8826.0
-5587.0 -8390.0
-5436.0 -8072.0
2575.0 -3678.0
3347.0 -3464.0
6103.0 -6029.0
6097.0 -6494.0
2686.0 -8002.0
409.0 -6545.0
-133.0 -4549.0
-5387.0 -7351.0
-1058.0 -4621.0
-1571.0 -4455.0
-1999.0 -4241.0
-5975.0 -6305.0
-6175.0 -5959.0
-3385.0 -3655.0
-3890.0 -3485.0
-9520.0 -1885.0
-9857.0 -463.0
-5615.0 2217.0
-7866.0 455.0
-2998.0 2804.0
-2163.0 2824.0
-8768.0 -1220.0
-1547.0 2718.0
-5898.0 -25.0
-4975.0 46.0
-793.0 2229.0
-230.0 2093.0
5968.0 8442.0
7078.0 7466.0
6694.0 5628.0
9042.0 5367.0
11443.0 5599.0
11539.0 8888.0
7666.0 10116.0
9430.0 3744.0
10059.0 3645.0
-10422.0 -5408.0
-9675.0 -5901.0
-9961.0 -8837.0
-10137.0 -10325.0
-11689.0 -9142.0
-11668.0 -7744.0
-9233.0 5208.0
-9617.0 4525.0
-11916.0 4814.0
-10069.0 9576.0
-10505.0 9786.0
-9631.0 9136.0
-9925.0 7811.0
-12788.0 -23337.0
-9203.0 -15714.0
-21604.0 -12884.0
-22792.0 2775.0
-18953.0 -296.0
-19546.0 -1342.0
-21536.0 9229.0
-22100.0 5424.0
-18517.0 13813.0
-15440.0 16068.0
-13274.0 14097.0
-14804.0 19963.0
-7422.0 20534.0
-5340.0 19679.0
-2941.0 21561.0
8027.0 19058.0
-1021.0 -32907.0
3338.0 -25004.0
-
-
-
-
-
-
-
-
-
-
-
-
-
-
-
-
-
-
-
-
-
-
-
-
-
-
-
-
-
-
-
-
-
-
-
-
-
-
-
-
-
-
-
-
-
-
-
-
-
